1.919401371042825932e+00 2.637434450971265498e+00
-4.746165818329297070e-01 -1.393633854445439635e+00
4.257613673068483706e+00 5.879909689151936458e-01
3.985700036914340938e+00 2.448661491693601366e+00
4.599238964377233563e-01 -1.471901579536434967e+00
1.595777052274492125e-01 -5.773466294094282691e-01
-2.670833232414603131e+00 1.929136500361175122e+00
-1.847676918609377328e+00 -3.062662763550331846e+00
1.460911083511061692e+00 2.906622462893679426e+00
-4.934169487809117460e-01 -1.838839336221772980e+00
-1.913004501235078036e+00 2.520198355121303191e+00
-1.975249468292376687e+00 1.611533660166811321e+00
-1.315579577011399159e+00 -1.312904569444365011e-01
1.437677328993605674e-01 -5.070296565339406092e-01
-4.791677179324956626e+00 2.430388160299529421e+00
3.834479437014056025e+00 3.499077212182113983e-02
1.465655170889610170e+00 -4.379290278341762543e-01
-1.261128843421357448e+00 -4.773101812935532928e-01
-1.676547059126181516e+00 -1.624696737629750809e-01
-1.974047445124831046e-01 1.342655247977710964e-01
3.972812306102467828e-01 1.293145962781781844e+00
3.615455174426538409e-01 2.868979608852692209e+00
1.952753406662322555e-01 2.532462643842209871e-01
2.127238460784669716e+00 7.811132395820130636e-01
9.244234001345009721e-01 2.825730477709707422e+00
-2.369433657456867959e+00 3.300081909192592811e+00
-5.641882641546213106e-01 3.848333003840374467e+00
-3.397450691262074995e-01 6.628556419261938393e-02
4.103443963425505103e+00 -2.372419229465683455e-01
-1.079619973868148008e+00 -1.845040696988242468e+00
